start=141.200000
volume=104.000000
fullscreen=no
